346 938
53090322 53090323 31.959 1
53090322 53082634 160.33599999999998 1
53090322 53036557 189.323 1
53090323 53090322 31.959 1
53090323 260706808 47.11699999999999 1
53090323 53036558 208.188 1
53068822 53116276 82.157 1
53068822 53068826 261.63300000000004 1
53068822 53116302 63.89 1
53068826 260707479 30.854 1
53068826 260707482 30.048 1
53068826 53068822 261.63300000000004 1
53068826 686194326 93.18900000000001 1
53142555 53060469 163.698 1
53142555 53085385 112.737 1
53142555 53100813 98.047 1
53068829 260707479 102.016 1
53068829 53091598 45.922000000000004 1
53021742 53022623 87.597 1
53021742 683050219 9.316 1
53021742 53021743 130.388 1
53021743 53021743 289.028 1
53021743 53021743 289.028 1
53021743 53021742 130.388 1
53144625 53137611 81.291 1
53144625 53111730 212.92300000000003 1
317363251 53082632 62.786 1
53021750 683050221 9.908 1
53021750 53085380 23.575 1
53021750 53021742 72.50999999999999 0
53065783 53065785 214.275 1
53065783 53099375 132.967 1
53065783 53119042 51.682 1
53089336 53093359 67.555 1
53089336 53042706 48.311 1
53089336 53060462 310.35900000000004 1
53065785 53065783 214.27499999999998 1
53119042 256543149 161.23600000000002 1
53119042 53065783 51.682 1
53119042 53139048 101.32599999999998 1
53127240 53046249 92.948 1
53127240 53124803 105.856 1
53127240 53125997 367.68899999999996 1
703006798 53035698 63.595 1
683050066 53066717 64.401 1
53113943 53137611 294.76 1
53113943 247141128 189.74299999999997 1
53113943 53113946 255.36400000000003 1
53113946 53076250 48.927 1
53113946 53111728 153.477 1
53113946 53137611 115.45400000000001 1
53113946 53113943 255.364 1
53113947 53111730 122.608 1
53113947 53060466 92.075 1
53113947 53111728 209.49099999999999 1
686202982 53082645 12.434 1
686202982 53082644 63.884 1
53097585 53073816 129.0 1
53097585 53073822 230.967 1
53097585 53118368 59.623000000000005 1
53097586 53073816 71.85499999999999 1
53097586 53126347 75.36099999999999 1
53097586 53059186 201.663 1
683790465 53144226 27.171 1
683050115 53037306 18.202 1
683050115 53118380 40.777 1
683050115 53059175 66.09 1
53080198 53092220 78.49 1
53080198 256340150 115.68700000000003 1
53080198 53092218 156.03799999999998 1
683050120 53059173 197.47599999999997 1
683050120 2286923086 10.283 0
260707479 53068826 30.854 1
260707479 260707482 24.912 1
260707479 53068829 102.016 1
53152921 53088882 118.95 1
260707482 53068826 30.048 1
260707482 260707479 24.912 1
53057697 53062956 87.466 1
53057697 53057704 398.93600000000004 1
53057697 53018410 253.49 1
53057704 53057697 398.93600000000004 1
53057704 53062958 112.516 1
53057704 53062956 120.192 1
53117097 53117098 113.727 1
53117097 53128727 105.065 1
53117097 53119162 23.945 1
53117098 53076384 93.91199999999999 1
53117098 53117097 113.72700000000002 1
53117098 53155115 120.951 1
256542898 256543149 66.54599999999999 1
256340150 53080198 115.687 1
683790519 53144229 42.464999999999996 1
53119160 682821166 114.675 1
53119160 53076382 96.813 1
53119160 53145241 133.68099999999998 1
53119160 53064330 148.637 1
53119162 53081990 49.622 1
53119162 53064331 77.429 1
53119162 53117097 23.945 1
53119162 53114727 232.16000000000003 1
53119164 53093356 145.737 1
53119164 53041443 96.556 1
53119164 53081990 86.793 1
53119164 686202982 280.60799999999995 0
53119166 53093359 204.759 1
53119166 53119168 126.862 1
53119166 53042707 114.57 1
53119166 53025057 167.95499999999998 1
53085375 53085377 78.076 1
53085375 53085377 223.736 1
53085375 53040495 43.956 1
53119168 2834814897 170.988 1
53119168 53085388 134.103 1
53119168 53119166 126.862 1
53119168 53093360 171.87 1
53085377 53085375 78.076 1
53085377 53085375 223.736 1
53085377 53027454 45.921 1
2890584258 256338808 265.804 1
2890584258 53035699 24.544999999999998 1
2890584258 245523440 36.171 0
53085380 53021750 23.575 1
53085380 53027457 199.785 0
53085380 53027454 85.536 1
53085382 53152062 81.46 1
53085382 683050221 110.431 1
53085382 53023513 403.6830000000001 1
53085385 53060468 218.35899999999998 1
53085385 53111730 108.066 1
53085385 53142555 112.73700000000001 1
53137611 53113943 294.76000000000005 1
53137611 53144625 81.291 1
53137611 53113946 115.45400000000001 1
53085387 53078467 57.836 1
53085387 53085388 152.07999999999998 1
53085387 53093365 95.781 1
53085387 53093362 78.732 1
53085388 53119168 134.103 1
53085388 53085387 152.07999999999998 1
53085388 53102808 82.882 1
53085388 53085389 81.545 1
53085389 53118366 232.42 1
53085389 53073689 62.742000000000004 1
53085389 53085388 81.545 1
53126347 53097586 75.36099999999999 1
53126347 53108992 149.445 1
53126347 53126350 235.083 1
53126350 53118380 42.598 1
53126350 53108992 144.98399999999998 1
53126350 53126347 235.083 1
687156433 53075606 17.104 1
687156433 247141128 22.411 1
687156433 53077316 132.062 1
3581678802 442842707 71.928 1
3581678802 442842707 130.78599999999997 1
3581678802 3581678815 18.169 1
53102808 53025220 74.84700000000001 1
53102808 53059187 306.27799999999996 1
53102808 53085388 82.882 1
683050204 53118366 107.25899999999999 1
683050204 53073691 35.84 1
683050204 53033660 33.454 1
3581678815 3581678802 18.169 1
53114734 53041440 75.566 1
53114734 53081989 34.768 1
53114734 53093356 90.607 1
53117160 53076384 233.353 1
53117160 53076391 229.284 1
53117160 53117166 158.516 1
683050219 53021742 9.316 1
683050219 53023513 428.965 1
683050219 683050221 70.938 0
683050221 53085382 110.431 1
683050221 53021750 9.908 1
53117166 53117160 158.516 1
53117166 53062958 114.286 1
53037306 683050115 18.202 1
53037306 53037307 207.177 1
53037306 53093372 204.718 1
53037307 53037306 207.177 1
53037307 53059175 298.26 1
53037307 53059173 227.37300000000002 1
370467066 53090940 62.456 1
370467066 370467066 68.40299999999999 1
370467066 370467066 68.40299999999999 1
53108990 53108992 285.246 1
53108990 53118374 11.414 1
53108990 53118372 232.26299999999998 1
53108992 53108990 285.246 1
53108992 53126350 144.98399999999998 1
53108992 53126347 149.445 1
4606504193 245370192 223.87400000000002 1
4606504193 53079888 429.478 1
53100813 53060471 165.284 1
53100813 53142555 98.047 1
53100813 53078473 179.57600000000002 1
53091598 53116276 202.63899999999998 1
53091598 53068829 45.922000000000004 1
245505298 53145205 204.25500000000002 1
245505298 53041432 12.774000000000001 1
53076244 311884105 349.49800000000005 1
53076244 53075606 41.108000000000004 1
53076244 53076245 45.440999999999995 1
53076245 53076246 25.427999999999997 1
53076245 53076244 45.440999999999995 1
53076246 53076247 39.531 1
53076246 53076245 25.427999999999997 1
53076246 53123865 271.553 1
53076247 2834093713 105.429 1
53076247 53076246 39.531 1
53076247 53124973 264.379 1
53041432 245505820 205.739 0
53041432 53125974 85.70599999999999 1
53041432 245505298 12.774000000000001 1
245118228 53097380 16.815 1
245118228 53086074 50.41 1
245118228 245118387 38.75 1
53076250 53113946 48.927 1
53076250 53041668 91.677 1
53076250 2834093713 97.14800000000001 1
53157145 53082640 52.003 1
53041437 245505820 68.047 1
53041437 53118299 155.31099999999998 1
53041437 53145205 123.049 1
53041440 53114734 75.566 1
53041440 53115407 29.123 1
53041440 53041442 197.414 1
53025057 53082621 85.661 1
53025057 2834814897 129.246 1
53025057 53119166 167.95499999999998 1
53041442 53041443 153.386 1
53041442 53093356 92.885 1
53041442 53041440 197.414 1
53041442 53042706 97.044 1
53041443 53041442 153.386 1
53041443 53119164 96.556 1
53041443 53042707 88.696 1
53041443 53041445 220.393 1
53025060 2834814897 134.59 1
53025060 206141021 36.565 1
53025060 53073689 27.685000000000002 1
53041445 53041443 220.39300000000003 1
53041445 53082619 119.796 1
53041445 2833994093 29.145 1
245387557 245386862 21.612 1
245387557 245387832 21.041 1
245387557 53116664 151.98999999999998 1
53155115 53100222 64.696 1
53155115 53117098 120.951 1
53155115 53128727 125.228 1
53156140 53156142 31.749 1
53156140 53074377 47.519 1
53156140 53118374 107.719 1
53059885 256338428 81.64699999999999 1
53059885 53044661 165.969 1
53059885 53149671 60.267 1
53156142 53156140 31.749 1
53062956 53057697 87.466 1
53062956 53057704 120.192 1
53062956 53018410 220.555 1
53062956 682821166 128.227 1
53062958 53057704 112.51600000000002 1
53062958 53145241 94.161 1
53062958 53117166 114.286 1
53152062 53027463 130.396 1
53152062 53085382 81.46 1
53152062 53156408 38.198 1
53077316 687156433 132.062 1
53152069 53152083 75.67999999999999 1
53152069 53073843 106.928 0
311884105 311882161 18.727 1
311884105 53076244 349.498 1
311884105 53107191 34.104 1
2286923086 53059173 152.415 1
2286923086 2286923094 17.129 0
245118288 245118387 24.608 1
245118288 53059175 84.015 1
245118288 53112467 182.481 1
245370192 4606504193 223.87399999999997 1
245370192 53088882 72.182 1
245370192 4612591433 74.083 1
53152083 53073843 50.968 1
53152083 53152069 75.67999999999999 1
53152083 53082631 38.95 1
2286923094 53059166 550.115 1
2286923094 683050120 27.415000000000003 0
53118296 53118299 311.07899999999995 1
53118296 53044664 111.50399999999999 1
53118296 53143485 144.626 1
53118299 53118296 311.079 1
53118299 53041437 155.311 1
53118299 53125575 73.056 1
53044573 53044575 58.331 1
53028190 53028192 97.375 1
956500319 53140452 20.826 1
956500319 53140454 32.692 1
956500319 53078473 212.034 1
53044575 53073822 96.306 1
53044575 53044573 58.331 1
53044575 53073816 229.24500000000006 1
53028192 53028190 97.375 1
53028192 53036558 172.856 1
2833994093 53128733 96.969 0
2833994093 53041445 29.145 1
2833994093 53082645 48.94199999999999 1
53075311 256339663 60.158 1
53075311 53092218 280.99300000000005 1
53075311 53044661 213.433 1
53040495 53027455 265.802 1
53040495 53085375 43.956 1
53040495 53033660 153.221 1
53116276 53068822 82.157 1
53116276 53091598 202.63899999999998 1
53116276 53066716 77.625 1
4671607162 53114726 17.642 1
4671607162 53085009 228.297 1
4671607162 53064330 31.651 1
53142908 53101285 181.16899999999998 1
53142908 53156410 263.00600000000003 1
53142908 53101282 41.098 1
53116302 53116304 42.493 1
53116302 53068822 63.89 1
53116302 53122757 85.484 1
53116304 53116302 42.493 1
53076382 53064331 137.129 1
53076382 53076384 120.167 1
53076382 53119160 96.813 1
53118366 53118368 26.78 1
53118366 683050204 107.259 1
53118366 53085389 232.42 1
53076384 53076382 120.167 1
53076384 53117160 233.353 1
53076384 53117098 93.91199999999999 1
53076384 53076391 28.58 1
53118368 53097585 59.623 1
53118368 53118366 26.78 1
53118368 53059186 139.586 1
53118372 53108990 232.26300000000003 1
53118372 53073822 87.856 1
53118372 53134227 117.14699999999999 1
53118374 53118376 60.318 1
53118374 53108990 11.414 1
53118374 53156140 107.719 1
53076391 53076392 115.35499999999999 1
53076391 53076384 28.58 1
53076391 53117160 229.284 1
53076392 53076391 115.35500000000002 1
53076392 53100223 22.451 0
53118376 53118374 60.318 1
53118376 53074376 99.463 1
53118376 53112476 109.98500000000001 1
53076395 53076399 235.57100000000003 1
53076395 53100222 19.291999999999998 0
53118380 53126350 42.598 1
53118380 683050115 40.777 1
53118380 53112476 394.314 1
256543149 53119042 161.236 1
256543149 53140454 353.08700000000005 1
256543149 256542898 66.54599999999999 1
53076399 53082643 59.699 1
53076399 53128729 65.095 1
53076399 53076395 235.571 1
311882161 53107192 39.403 1
311882161 311884105 18.727 1
245118387 245118228 38.75 1
245118387 245118288 24.608 1
245118387 53097380 41.044 1
53044661 53044664 166.16 1
53044661 53059885 165.969 1
53044661 53075311 213.433 1
53044664 53044661 166.16 1
53044664 53144226 104.418 1
53044664 53118296 111.50399999999999 1
317339074 53122757 75.847 1
317339074 53036558 313.8539999999999 1
53078467 53078468 94.523 1
53078467 53085387 57.836 1
53078467 53060468 95.097 1
53078468 53078469 94.888 1
53078468 53078467 94.523 1
53078468 53060469 103.103 1
53078469 53078468 94.888 1
53078469 53060471 113.389 1
53078469 53060473 206.861 1
53025220 53025222 56.795 1
53025220 53093365 68.146 1
53025220 53102808 74.84700000000001 1
53025222 53025220 56.795 1
53074376 53074377 150.635 1
53074376 53124803 49.021 1
53074376 53118376 99.463 1
53078473 53060473 237.62900000000002 1
53078473 956500319 212.034 1
53078473 53100813 179.576 1
53074377 53074380 64.647 1
53074377 53074376 150.635 1
53074377 53156140 47.519 1
53125573 53125575 186.83999999999997 1
53125573 53144229 232.481 1
53125573 53144226 97.50300000000001 1
53074380 53074377 64.647 1
53074380 53027459 93.03899999999999 1
53074380 53134227 140.97 1
53125575 53144229 74.881 1
53125575 53125573 186.84 1
53125575 53118299 73.056 1
53095909 53036557 129.809 1
53095909 53036558 274.032 1
53095909 53073843 126.923 1
53107191 311882161 44.527 0
53107191 311884105 34.104 1
53107191 53114726 40.731 1
260706808 53090323 47.11699999999999 1
53107192 311882161 39.403 1
53107192 53123865 66.00200000000001 1
53107192 53076245 313.59200000000004 0
53097976 53040794 159.643 1
53097976 53097980 43.745000000000005 1
53082619 53082621 72.943 1
53082619 53041445 119.79599999999998 1
53082619 53125725 52.192 1
256338428 53059885 81.647 1
53082621 53025057 85.661 1
53082621 53082619 72.943 1
53082621 53082625 163.607 0
53050874 53092207 184.811 1
53050874 53050875 136.479 1
53050874 53046253 105.91 1
53050875 53050874 136.47899999999998 1
53050875 53092210 149.74099999999999 1
53050875 53101285 514.452 1
53097980 53018397 104.138 1
53097980 53075599 27.742 1
53097980 53064328 311.86699999999996 1
53097980 53097976 43.745000000000005 1
53082625 206141022 122.925 0
53082625 2834814897 92.459 0
53017091 53064327 231.335 1
53017091 53075599 121.114 1
53041668 53076250 91.677 1
53041668 53041670 113.382 1
53041668 53060462 360.812 1
53082627 206141021 39.766 1
53082627 53073691 70.886 1
53041670 53041668 113.382 1
53082631 53082632 158.326 1
53082631 53100223 106.808 1
53082631 53152083 38.95 1
53082632 317363251 62.786 1
53082632 53082634 101.052 1
53082632 53082631 158.326 1
2518218246 53125999 58.762 1
2518218246 305541919 54.522999999999996 1
2518218246 53124805 38.315 1
53082634 53082632 101.052 1
53082634 53082640 127.414 1
53082634 53090322 160.336 1
53036557 53090322 189.323 1
53036557 53095909 129.80900000000003 1
53036558 682931951 23.011 1
53036558 53036557 121.528 0
53036558 53028192 172.856 1
53036558 53095909 274.0319999999999 1
53036558 317339074 313.854 1
53036558 53090323 208.188 1
53115407 53041440 29.123 1
53115407 2834816916 143.829 1
53115407 2834093713 259.862 1
53082640 53157145 52.003 1
53082640 53082643 36.359 1
53082640 53082634 127.41400000000002 1
53042706 53042707 167.209 1
53042706 53089336 48.311 1
53042706 53041442 97.044 1
53082643 53082644 37.195 1
53082643 53076399 59.699 1
53082643 53082640 36.358999999999995 1
53082644 53082643 37.195 1
53082644 686202982 63.884 1
53082645 686202982 12.434 1
53082645 53119164 275.74099999999993 0
53082645 2833994093 48.94199999999999 1
53042707 53042706 167.209 1
53042707 53119166 114.57 1
53042707 53041443 88.696 1
53128727 53128729 57.125 1
53128727 53117097 105.065 1
53128727 53155115 125.228 1
53128729 53076399 65.095 1
53128729 53149520 118.926 1
53128729 53128727 57.125 1
53128729 53134176 80.67099999999999 1
53128733 2834031502 39.301 1
53128733 53082644 149.9 0
53124973 53123865 63.852000000000004 1
53124973 53114732 128.775 1
53124973 53076247 264.379 1
53092207 53050874 184.811 1
53092207 53092210 142.91199999999998 1
53092207 53046255 114.25 1
682821166 53085009 105.03999999999999 1
682821166 53119160 114.675 1
682821166 53062956 128.227 1
53156408 53156410 75.302 1
53156408 53152062 38.198 1
53156408 53156415 119.078 1
245387832 245387557 21.041 1
245387832 53116672 126.286 1
245387832 53125973 26.643 1
53156410 53156408 75.302 1
53156410 53156415 92.048 1
53156410 53142908 263.006 1
53156415 53156417 125.03899999999999 1
53156415 53156410 92.04799999999999 1
53156415 53156408 119.07800000000002 1
53156417 53156415 125.03900000000002 1
53156417 53156417 316.632 1
53156417 53156417 316.63199999999995 1
442842707 53140452 28.122 1
442842707 3581678802 71.92800000000001 1
442842707 3581678802 130.78600000000003 1
53125725 53082619 52.192 1
206141021 206141022 35.19 0
206141021 53082627 39.766000000000005 1
206141021 53025060 36.565 1
206141022 53082627 43.367999999999995 0
53059166 2286923094 550.115 1
53059166 53059189 51.486999999999995 1
53059166 53093365 315.738 1
53059173 2286923086 152.415 1
53059173 53093372 142.725 1
53059173 53037307 227.373 1
53059173 683050120 197.476 1
53059175 245118288 84.015 1
53059175 683050115 66.09 1
53059175 53037307 298.26 1
53139048 53119042 101.326 1
53064300 53064305 404.457 1
53064300 53064302 120.205 1
53064302 53064300 120.20500000000001 1
53064302 53092220 451.645 1
53064302 53092226 34.211 1
245386862 245387557 21.612 1
245386862 53125973 19.875 1
245386862 53116661 128.441 1
53088880 53079888 60.844 1
53088880 53092220 107.054 1
53088880 53126000 192.262 1
53064305 53064300 404.457 1
53064305 245384115 77.61699999999999 1
53064305 53092220 69.46 1
53088882 245370192 72.182 1
53088882 53079888 228.37600000000003 1
53088882 53152921 118.94999999999999 1
53059186 53059187 35.885 1
53059186 53097586 201.66300000000004 1
53059186 53118368 139.586 1
53059187 53059189 95.107 1
53059187 53059186 35.885 1
53059187 53102808 306.278 1
53059189 53059187 95.107 1
53059189 53093372 210.10099999999997 1
53059189 53059166 51.486999999999995 1
53145205 245505298 204.255 1
53145205 53041437 123.049 1
53090940 370467066 62.456 1
53090940 53125974 41.754 1
53090940 53143485 119.627 1
53027454 53085377 45.921 1
53027454 305541020 55.591 1
53027454 53085380 85.536 1
53027455 305541020 54.39 1
53027455 53027457 51.694 1
53027455 53040495 265.802 1
53027457 2391023394 28.454 1
53027457 53027455 51.694 1
53027459 53027461 61.81 1
53027459 2391023394 55.696000000000005 1
53027459 53074380 93.03899999999999 1
53027461 53046249 107.355 1
53027461 53027459 61.809999999999995 1
53027461 53027463 134.071 1
53064327 53064328 122.688 1
53064327 53075602 108.792 1
53064327 53017091 231.335 1
53064328 53018404 73.813 1
53064328 53064327 122.688 1
53064328 53097980 311.867 1
53027463 53152062 130.396 1
53027463 53046250 164.485 1
53027463 53027461 134.071 1
53064330 53064331 193.857 1
53064330 4671607162 31.651 1
53064330 53119160 148.63700000000003 1
53064331 53119162 77.429 1
53064331 53076382 137.129 1
53064331 53064330 193.857 1
53075599 53097980 27.742 1
53075599 53017091 121.114 1
53075599 53097976 51.906000000000006 0
2834093713 53076247 105.429 1
2834093713 53076250 97.14800000000001 1
2834093713 53115407 259.862 1
53148306 53112473 289.203 1
53075602 53064327 108.792 1
53075602 53075606 36.357 1
53112467 53112473 226.594 1
53112467 245118288 182.481 1
53112467 245118772 99.465 1
53075606 53075602 36.357 1
53075606 53076244 41.108000000000004 1
53075606 687156433 17.104 1
686194326 53068826 93.18900000000001 1
53145241 53119160 133.681 1
53145241 53018411 396.63300000000004 1
53145241 53062958 94.161 1
53040794 53097976 159.643 1
53112473 53112476 122.73200000000001 1
53112473 53112467 226.59400000000002 1
53112473 53148306 289.203 1
53112476 53112473 122.732 1
53112476 53118376 109.985 1
53112476 53118380 394.314 1
53144226 683790465 27.171 1
53144226 53125573 97.50300000000001 1
53144226 53044664 104.418 1
3905291938 53099375 49.786 1
53144229 53125575 74.881 1
53144229 53125573 232.481 1
53144229 683790519 42.464999999999996 1
53035698 703006798 63.595 1
53035699 2890584258 24.544999999999998 1
53035699 245523440 29.767000000000003 0
53033660 432431093 91.92 1
53033660 53040495 153.221 1
53033660 53073691 24.633 1
53033660 683050204 33.454 1
53100222 53155115 64.696 1
53100222 53076392 24.255000000000003 0
53100223 53076395 31.408 0
53100223 53082631 106.808 1
53124803 53074376 49.021 1
53124803 53127240 105.856 1
53124803 53124805 434.29499999999996 1
53122757 53116302 85.484 1
53122757 53023513 63.687999999999995 1
53122757 317339074 75.84700000000001 1
53124805 53124807 126.23 1
53124805 53124803 434.29499999999996 1
53124805 2518218246 38.315 1
53124805 53125997 111.111 1
53124807 53092201 148.657 1
53124807 53124805 126.23 1
53124807 53133008 96.395 1
256339663 53075311 60.158 1
53133008 53092203 147.816 1
53133008 53125997 174.682 1
53133008 53124807 96.395 1
53133008 53046254 109.145 1
53101282 53046252 51.46 1
53101282 53101285 50.266 1
53101282 53142908 41.098 1
53101285 53050875 514.4520000000001 1
53101285 53101282 50.266000000000005 1
53101285 53142908 181.16899999999998 1
682931951 53036558 23.011 1
682931951 317339074 318.5329999999999 0
53116661 53116662 36.82 1
53116661 245386862 128.441 1
53116661 245384115 39.049 1
53116662 53116664 145.63600000000002 1
53116662 53116661 36.82 1
53116662 245384115 42.372 1
53116664 53116672 385.94100000000003 1
53116664 53116662 145.636 1
53116664 245387557 151.98999999999998 1
53116672 53146451 71.77 1
53116672 53116664 385.9410000000001 1
53116672 245387832 126.286 1
247141128 53113943 189.743 1
247141128 687156433 22.411 1
53023513 683050219 428.96499999999986 1
53023513 53085382 403.6829999999999 1
53023513 53122757 63.688 1
53123865 53114730 133.483 1
53123865 53076246 271.553 1
53123865 53124973 63.852000000000004 1
53123865 53107192 66.00200000000001 1
53073689 53085389 62.742000000000004 1
53073689 53025060 27.685000000000002 1
53073691 53073689 138.525 0
53073691 53033660 24.633000000000003 1
53073691 683050204 35.84 1
53073691 53082627 70.886 1
245505820 245505298 202.71 0
245505820 53041437 68.047 1
53018397 53097980 104.138 1
53018397 53018399 123.93900000000001 1
53018397 53018411 35.185 1
305541919 53125999 27.829 1
305541919 53092214 232.131 1
305541919 2518218246 54.522999999999996 1
53018399 53018402 86.193 1
53018399 53018397 123.93900000000001 1
53018399 53078914 117.24200000000002 1
53018402 53018404 95.954 1
53018402 53018399 86.193 1
53018402 53078914 237.62399999999997 1
2391023394 53027459 55.696 1
2391023394 53027457 28.454 1
2391023394 2391023402 25.562 0
53018404 53018402 95.954 1
53018404 53064328 73.813 1
53018404 53114726 215.104 1
53018410 53018411 115.09200000000001 1
53018410 53057697 253.49 1
53018410 53062956 220.555 1
53018411 53018410 115.092 1
53018411 53145241 396.63300000000004 1
53018411 53018397 35.185 1
2391023402 53134227 15.232 1
2391023402 53027457 29.803 0
245118772 53112467 99.465 1
246744892 53092201 180.314 1
4612591433 245370192 74.083 1
53149520 53128729 118.926 1
53085009 682821166 105.03999999999999 1
53085009 53078914 95.47200000000001 1
53085009 4671607162 228.297 1
53079888 53088880 60.844 1
53079888 4606504193 429.478 1
53079888 53088882 228.37599999999998 1
53146451 53116672 71.77 1
53125973 245387832 26.643 1
53125973 53125974 89.153 1
53125973 245386862 19.875 1
53125974 53090940 41.754 1
53125974 53041432 85.706 1
53125974 53125973 89.153 1
53134176 53128729 80.67099999999999 1
53114726 4671607162 17.642 1
53114726 53018404 215.104 1
53114726 53114727 83.94 1
53114726 53107191 40.731 1
53114727 53114730 35.929 1
53114727 53119162 232.16000000000005 1
53114727 53114726 83.94000000000001 1
53092199 53092201 97.26 1
53092199 53092214 47.867 1
53092201 53092203 97.84 1
53092201 53092199 97.26 1
53092201 53124807 148.657 1
53092201 246744892 180.31400000000002 1
53114730 53123865 133.483 1
53114730 53114732 63.798 1
53114730 53114727 35.929 1
53092203 53046255 107.999 1
53092203 53092201 97.84 1
53092203 53133008 147.816 1
53114732 53081989 59.992 1
53114732 53114730 63.798 1
53114732 53124973 128.775 1
53125997 53133008 174.682 1
53125997 53046251 134.276 1
53125997 53127240 367.68899999999996 1
53125997 53124805 111.11099999999999 1
53060462 53060465 89.309 1
53060462 53041668 360.812 1
53060462 53089336 310.35900000000004 1
53125999 53126000 105.32 1
53125999 305541919 27.829 1
53125999 2518218246 58.762 1
53126000 53125999 105.32 1
53126000 53088880 192.26199999999997 1
53126000 53092218 144.065 1
53060465 53060466 94.506 1
53060465 53060462 89.309 1
53060465 53093359 212.00099999999998 1
53060466 53060467 62.164 1
53060466 53060465 94.506 1
53060466 53093360 207.46800000000002 1
53060466 53113947 92.07499999999999 1
53060467 53060466 62.164 1
53060467 53060468 61.788 1
53060467 53093362 167.983 1
53060468 53060469 94.901 1
53060468 53060467 61.788 1
53060468 53078467 95.097 1
53060468 53085385 218.359 1
53060469 53060471 93.908 1
53060469 53060468 94.901 1
53060469 53078468 103.103 1
53060469 53142555 163.698 1
53099375 3905291938 49.786 1
53099375 53065783 132.96699999999998 1
53060471 53060473 93.613 1
53060471 53060469 93.908 1
53060471 53078469 113.389 1
53060471 53100813 165.284 1
256338808 2890584258 265.804 1
256338808 256338809 36.811 1
53060473 53060471 93.613 1
53060473 53078473 237.62900000000002 1
53060473 53078469 206.861 1
256338809 256338812 50.627 1
256338809 256338808 36.811 1
256338809 256338808 49.989 0
53092210 53050875 149.741 1
53092210 53092207 142.91199999999998 1
256338812 256338813 11.443 1
256338812 256338813 64.379 0
256338812 256338809 50.627 1
256338813 256338812 11.443 1
256338813 53149671 125.77300000000001 1
53092214 53092199 47.867 1
53092214 53092218 288.514 1
53092214 305541919 232.131 1
53086074 245118228 50.41 1
53092218 53080198 156.038 1
53092218 53092214 288.514 1
53092218 53075311 280.993 1
53092218 53126000 144.065 1
53092220 53080198 78.49 1
53092220 53088880 107.05399999999997 1
53092220 53064305 69.46000000000001 1
53092220 53064302 451.64500000000004 1
53078914 53018402 237.62399999999997 1
53078914 53085009 95.47200000000001 1
53078914 53018399 117.242 1
317364095 53022623 28.37 1
53092226 53092228 39.242 1
53092226 53092228 151.35399999999998 1
53092226 53064302 34.211 1
53092228 53092226 39.242 1
53092228 53092226 151.35399999999998 1
53081989 53081990 168.884 1
53081989 53114734 34.768 1
53081989 53114732 59.992 1
53081990 53081989 168.884 1
53081990 53119164 86.793 1
53081990 53119162 49.622 1
53149673 53149671 46.506 1
2834031502 53128733 39.301 1
53134227 2391023402 15.232 1
53134227 53118372 117.147 1
53134227 53074380 140.97 1
2834816916 53115407 143.829 1
53073816 53044575 229.24500000000006 1
53073816 53097586 71.855 1
53073816 53097585 129.0 1
305541020 53027455 54.39 1
305541020 53085377 74.695 0
305541020 53027454 55.591 1
53073822 53044575 96.306 1
53073822 53118372 87.856 1
53073822 53097585 230.96699999999998 1
53022623 53021742 87.597 1
53022623 317364095 28.37 1
53022623 53022625 100.585 1
53022625 53022623 100.585 1
53097380 245118228 16.815 1
53097380 245118387 41.044000000000004 1
53111728 53113946 153.477 1
53111728 53111730 214.81900000000002 1
53111728 53113947 209.49099999999999 1
2834814897 53119168 170.988 1
2834814897 53025060 134.59 1
2834814897 53025057 129.246 1
53111730 53113947 122.608 1
53111730 53111728 214.81900000000002 1
53111730 53144625 212.923 1
53111730 53085385 108.06599999999999 1
245384115 53116662 42.372 1
245384115 53116661 39.049 1
245384115 53064305 77.617 1
53073843 53152083 50.968 1
53073843 53095909 126.923 1
53143484 53143485 93.677 1
53143485 53143484 93.677 1
53143485 53118296 144.626 1
53143485 53090940 119.627 1
53066716 53066717 79.575 1
53066716 53116276 77.625 1
53066717 683050066 64.401 1
53066717 53066716 79.575 1
53140452 53140454 39.323 1
53140452 442842707 28.122 1
53140452 956500319 20.826 1
53140454 53140452 39.323 1
53140454 956500319 32.692 1
53140454 256543149 353.08699999999993 1
53149671 53149673 46.506 1
53149671 53059885 60.266999999999996 1
53149671 256338813 125.77299999999998 1
53046249 53127240 92.948 1
53046249 53027461 107.355 1
53046249 53046250 146.114 1
53046250 53046249 146.114 1
53046250 53027463 164.485 1
53046250 53046251 129.352 1
53046251 53046252 37.237 1
53046251 53125997 134.276 1
53046251 53046250 129.352 1
53093356 53041442 92.885 1
53093356 53119164 145.737 1
53093356 53114734 90.607 1
53046252 53101282 51.46 1
53046252 53046253 158.09 1
53046252 53046251 37.237 1
53046253 53046254 59.122 1
53046253 53046252 158.09 1
53046253 53050874 105.91 1
53093359 53093360 110.91 1
53093359 53089336 67.555 1
53093359 53119166 204.759 1
53093359 53060465 212.00099999999998 1
53093360 53093359 110.91 1
53093360 53093362 70.092 1
53093360 53119168 171.87 1
53093360 53060466 207.468 1
53046254 53133008 109.145 1
53046254 53046255 146.266 1
53046254 53046253 59.122 1
53093362 53085387 78.732 1
53093362 53093360 70.092 1
53093362 53060467 167.983 1
53046255 53092203 107.999 1
53046255 53046254 146.266 1
53046255 53092207 114.25 1
245523440 53035698 30.524 0
53093365 53025220 68.146 1
53093365 53059166 315.738 1
53093365 53085387 95.781 1
432431093 53033660 91.92 1
53093372 53037306 204.718 1
53093372 53059189 210.101 1
53093372 53059173 142.725 1
