53075602 53075606 36.357
53075606 53076244 41.108000000000004
53076244 53076245 45.440999999999995
53076245 53076246 25.427999999999997
53076246 53076247 39.531
53076247 2834093713 105.429
2834093713 53076250 97.14800000000001
53076250 53113946 48.927
53113946 53111728 153.477
53111728 53113947 209.49099999999999
53113947 53060466 92.075
53060466 53060467 62.164
53060467 53060468 61.788
53060468 53078467 95.097
53078467 53085387 57.836
53085387 53085388 152.07999999999998
53085388 53085389 81.545
53085389 53073689 62.742000000000004
53073689 53025060 27.685000000000002
53025060 206141021 36.565
206141021 53082627 39.766000000000005
53082627 53073691 70.886
53073691 53033660 24.633000000000003
53033660 53040495 153.221
53040495 53027455 265.802
53027455 53027457 51.694
53027457 2391023394 28.454
2391023394 53027459 55.696
53027459 53027461 61.81
53027461 53046249 107.355
53046249 53046250 146.114
53046250 53046251 129.352
53046251 53125997 134.276
53125997 53124805 111.11099999999999
53124805 2518218246 38.315
2518218246 53125999 58.762
53125999 53126000 105.32
53126000 53092218 144.065
53092218 53075311 280.993
53075311 53044661 213.433
53044661 53059885 165.969
53059885 53149671 60.267
53149671 256338813 125.77299999999998
256338813 256338812 11.443
256338812 256338809 50.627
256338809 256338808 36.811
256338808 2890584258 265.804
2890584258 245523440 36.171
245523440 53035698 30.524