[53075602,
 53075606,
 53076244,
 53076245,
 53076246,
 53076247,
 2834093713,
 53076250,
 53113946,
 53111728,
 53113947,
 53060466,
 53060467,
 53060468,
 53078467,
 53085387,
 53085388,
 53085389,
 53073689,
 53025060,
 206141021,
 53082627,
 53073691,
 53033660,
 53040495,
 53027455,
 53027457,
 2391023394,
 53027459,
 53027461,
 53046249,
 53046250,
 53046251,
 53125997,
 53124805,
 2518218246,
 53125999,
 53126000,
 53092218,
 53075311,
 53044661,
 53059885,
 53149671,
 256338813,
 256338812,
 256338809,
 256338808,
 2890584258,
 245523440,
 53035698]